0.068556
0.086680
0.074879
0.069022
0.069672
0.069005
0.199253
0.071715
0.088070
0.069906
0.072931
0.071186
0.069407
0.218458
0.067815
0.084113
0.118272
0.070631
0.071356
0.077363
0.202250
0.068235
0.083107
0.111769
0.100691
0.101987
0.071162
0.234233
0.068121
0.109582
0.071284
0.111226
0.069723
0.068876
0.196815
0.073105
0.119717
0.105368
0.069432
0.069607
0.070797
0.196630
0.067903
0.116996
0.070318
0.118175
0.107012
0.073342
0.197169
0.067833
0.088984
0.104441
0.069467
0.103561
0.097086
0.201395
0.072372
0.083874
0.123714
0.112026
0.102307
0.069024
0.196604
0.073203
0.122734
0.121773
0.070237
0.075947
0.070306
0.196217

.0698858
.0983857
.0971724
.0863838
.0842358
.0736368
.2039024
