0.698547
0.698002
0.568243
0.579730
0.569667
0.561715
1.582730
0.643461
0.676725
0.662879
0.887280
0.566447
0.556309
2.011606
0.712457
0.667137
0.723023
1.081765
0.699626
0.772455
1.851388
0.864323
0.665001
0.598091
0.970726
0.982676
0.558105
1.596327
0.594897
0.666152
0.564229
0.945421
0.566735
0.558469
1.953157
0.626223
0.852252
1.187273
0.811853
0.608216
0.558382
1.657081
1.104286
0.664153
0.565330
0.704699
0.840544
0.586941
2.164360
0.621006
0.670052
0.567430
0.962230
0.598135
0.557805
1.962067
1.008583
1.020722
0.598019
0.558884
0.570291
0.895925
1.764759
0.600491
0.667605
0.818752
1.080619
0.777889
0.645790
1.569575

.7474274
.7247801
.6853269
.8583207
.6780226
.6251896
1.811305
