0.000934
0.001322
0.001362
0.001076
0.001115
0.001303
0.003139
0.000907
0.001335
0.001139
0.001093
0.001627
0.001079
0.003284
0.000908
0.001330
0.001080
0.001344
0.001082
0.001132
0.003552
0.001319
0.002595
0.001117
0.001309
0.002479
0.002054
0.004766
0.000943
0.001403
0.002359
0.001095
0.001081
0.001292
0.004778
0.001391
0.001316
0.001133
0.001132
0.002388
0.002088
0.004697
0.000930
0.001305
0.001181
0.001200
0.001473
0.002414
0.004587
0.001136
0.002801
0.002316
0.001229
0.001498
0.002763
0.003306
0.000980
0.001377
0.001148
0.001495
0.002393
0.002412
0.005067
0.000875
0.001688
0.001598
0.001811
0.001349
0.001087
0.003250

.0010323
.0016472
.0014433
.0012784
.0016485
.0017624
.0040426
