0.000014
0.000021
0.000018
0.000032
0.000018
0.000018
0.000049
0.000022
0.000021
0.000018
0.000018
0.000018
0.000032
0.000048
0.000014
0.000020
0.000025
0.000018
0.000018
0.000018
0.000049
0.000014
0.000020
0.000018
0.000018
0.000018
0.000018
0.000049
0.000014
0.000021
0.000018
0.000029
0.000018
0.000030
0.000065
0.000022
0.000028
0.000025
0.000030
0.000025
0.000029
0.000068
0.000023
0.000021
0.000025
0.000018
0.000025
0.000029
0.000066
0.000022
0.000028
0.000026
0.000037
0.000018
0.000018
0.000064
0.000022
0.000028
0.000025
0.000029
0.000025
0.000030
0.000065
0.000014
0.000028
0.000025
0.000018
0.000025
0.000030
0.000068

.0000181
.0000236
.0000223
.0000247
.0000208
.0000252
.0000591
