76.286465
42.226473
34.847870
34.703846
34.806800
34.623328
96.885176
76.107997
42.027076
34.879338
35.070221
34.616058
34.500637
96.890807
75.727878
41.813556
34.865268
34.704553
34.608068
34.491307
96.911526
75.892962
41.783502
34.811635
34.709391
34.659419
34.490871
96.814459
75.517782
41.841041
34.861679
34.657591
34.685068
34.440430
96.882605
75.393963
41.815784
34.795860
34.658817
34.709080
34.488517
96.847375
75.508546
41.846460
34.799646
34.735404
34.667187
34.468148
96.878998
75.345516
41.833884
34.743120
34.686173
34.639866
34.458388
96.847731
75.523368
41.855064
34.863023
34.691025
34.649351
34.473892
96.849758
75.715784
41.765552
34.860419
34.675865
34.611516
34.515697
96.766762

75.7020261
41.8808392
34.8327858
34.7292886
34.6652413
34.4951215
96.8575197
