0.000919
0.001284
0.001599
0.001146
0.001102
0.001310
0.004753
0.000973
0.001878
0.001593
0.002219
0.001097
0.001083
0.003133
0.000876
0.001439
0.001545
0.001094
0.001102
0.001130
0.003564
0.000900
0.002637
0.002381
0.002158
0.002348
0.002245
0.004732
0.000988
0.002551
0.002379
0.001077
0.002371
0.002075
0.004752
0.000922
0.002551
0.002352
0.001132
0.001626
0.001078
0.003083
0.000873
0.001287
0.001093
0.001489
0.002387
0.001080
0.003077
0.000877
0.001626
0.001092
0.002106
0.001095
0.002126
0.003247
0.001049
0.002647
0.002545
0.001230
0.002698
0.002398
0.005112
0.000942
0.002555
0.002341
0.002104
0.001156
0.001079
0.004867

.0009319
.0020455
.001892
.0015755
.0016982
.0015604
.004032
