0.000110
0.000318
0.000298
0.000140
0.000298
0.000265
0.000475
0.000113
0.000162
0.000140
0.000138
0.000140
0.000140
0.000381
0.000181
0.000169
0.000140
0.000139
0.000140
0.000138
0.000382
0.000110
0.000162
0.000140
0.000138
0.000195
0.000229
0.000517
0.000173
0.000261
0.000194
0.000230
0.000195
0.000429
0.000588
0.000177
0.000388
0.000297
0.000275
0.000310
0.000437
0.000700
0.000187
0.000373
0.000356
0.000382
0.000368
0.000181
0.000910
0.000141
0.000408
0.000172
0.000272
0.000349
0.000339
0.000691
0.000196
0.000357
0.000334
0.000286
0.000337
0.000144
0.000399
0.000111
0.000162
0.000140
0.000140
0.000360
0.000139
0.000381

.0001499
.000276
.0002211
.000214
.0002692
.0002441
.0005424
