0.000236
0.000322
0.000290
0.000260
0.000342
0.000261
0.000666
0.000192
0.000318
0.000289
0.000297
0.000290
0.000301
0.000686
0.000226
0.000322
0.000290
0.000294
0.000300
0.000294
0.000607
0.000191
0.000317
0.000290
0.000263
0.000357
0.000273
0.000666
0.000209
0.000322
0.000292
0.000260
0.000293
0.000371
0.000682
0.000229
0.000414
0.000271
0.000257
0.000222
0.000134
0.000431
0.000110
0.000226
0.000136
0.000138
0.000205
0.000228
0.000585
0.000182
0.000166
0.000136
0.000223
0.000189
0.000228
0.000591
0.000173
0.000234
0.000188
0.000227
0.000190
0.000197
0.000523
0.000173
0.000162
0.000144
0.000134
0.000136
0.000223
0.000559

.0001921
.0002803
.0002326
.0002353
.0002524
.000251
.0005996
