0.661999
0.673816
0.568966
0.562102
0.562802
0.574027
1.597202
0.592370
0.667539
0.801233
0.944542
0.558932
0.553263
1.856688
0.852273
0.786339
0.788110
0.555024
0.574427
0.580570
1.866687
0.603246
0.664839
0.560814
0.877581
0.821403
0.807295
1.733723
1.032118
0.985754
0.656999
0.641364
0.559303
0.553647
1.741281
0.607779
0.666538
0.559162
0.914978
0.816734
0.553842
1.913075
0.769706
0.999027
0.964672
1.034154
0.810154
0.553125
2.040520
0.754597
0.671312
0.561656
0.556809
0.557500
0.655178
2.079596
0.592784
1.081149
0.561597
0.636155
0.565634
0.557156
1.568598
0.674791
1.046138
0.595728
0.578126
0.976765
0.908007
2.161424

.7141663
.8242451
.6618937
.7300835
.6803654
.629611
1.8558794
