76.667568
42.074950
35.295192
35.208342
35.229330
34.709548
97.001699
76.435054
42.130873
35.210628
35.224488
35.351037
34.682372
96.834516
76.752159
42.179664
35.235202
35.213859
35.215842
34.975341
96.799866
76.464448
42.107138
35.200380
35.180783
35.234974
34.742664
96.761782
76.257250
42.186454
35.226163
35.211943
35.181668
34.652697
96.802253
76.773181
42.108183
35.254432
35.229620
35.246915
35.502323
96.738589
76.204152
41.989003
35.265444
35.137595
35.269006
37.015031
97.590574
75.886073
41.947483
35.190495
35.244120
35.252697
34.714283
96.757617
75.852930
42.051532
35.255925
35.185957
35.174615
34.694217
96.770962
76.054419
42.049820
35.234847
35.203970
35.203423
34.679792
96.774419

76.3347234
42.08251
35.2368708
35.2040677
35.2359507
35.0368268
96.8832277
