0.007296
0.010540
0.015346
0.008633
0.008781
0.008578
0.027887
0.007458
0.011144
0.009244
0.016697
0.009015
0.008686
0.024582
0.007380
0.010789
0.009228
0.017541
0.008750
0.008645
0.024598
0.007738
0.010778
0.009225
0.016377
0.018270
0.016225
0.031707
0.007366
0.010958
0.009149
0.008771
0.018245
0.008632
0.024563
0.013003
0.010923
0.008686
0.008895
0.009015
0.018608
0.025314
0.007761
0.011886
0.009138
0.018899
0.008989
0.008611
0.025245
0.007557
0.010847
0.014099
0.017416
0.018758
0.009099
0.038982
0.007387
0.010942
0.008948
0.008746
0.018355
0.008686
0.024495
0.007317
0.020387
0.008709
0.009020
0.009179
0.018610
0.024666

.0080263
.0119194
.0101772
.0130995
.0127357
.011438
.0272039
