0.013713
0.020784
0.018652
0.016795
0.018819
0.016663
0.040658
0.014613
0.022256
0.018958
0.019158
0.019019
0.017089
0.024937
0.008199
0.019906
0.010762
0.017698
0.018851
0.017554
0.039179
0.007250
0.010546
0.009224
0.008878
0.008833
0.008744
0.024505
0.007558
0.011457
0.009446
0.009191
0.008851
0.009377
0.025010
0.007603
0.011201
0.009550
0.009094
0.009105
0.009079
0.024924
0.007563
0.011506
0.009348
0.009052
0.008802
0.009178
0.024586
0.007207
0.011369
0.009414
0.008751
0.008839
0.008700
0.024615
0.007252
0.011020
0.009082
0.009091
0.008813
0.008853
0.024601
0.007237
0.010709
0.009396
0.009245
0.008889
0.008686
0.024574

.0088195
.0140754
.0113832
.0116953
.0118821
.0113923
.0277589
