7.108167
5.958249
4.865211
4.757195
5.257019
4.883259
12.746517
6.667101
5.743003
4.844845
5.107168
5.200054
5.061411
12.511057
7.050868
6.085108
4.452251
4.745009
4.834510
4.392527
12.475580
7.232433
5.972955
4.986138
5.107691
4.732041
5.122887
12.788020
6.735036
5.736402
5.197769
5.060737
4.420396
4.741750
12.823334
6.730038
6.091060
5.061880
5.131660
4.884693
4.779169
12.757588
6.730206
5.759414
4.856611
4.859455
5.047572
4.740743
12.396891
7.284270
6.068281
4.914523
5.109725
4.838135
5.130065
12.275647
6.820479
5.965464
4.760675
4.433586
4.427287
4.777569
12.433092
6.853222
5.723103
4.435148
5.043153
4.744006
5.093285
12.624147

6.921182
5.9103039
4.8375051
4.9355379
4.8385713
4.8722665
12.5831873
