0.067835
0.087325
0.130925
0.111183
0.146895
0.135049
0.206423
0.079420
0.099030
0.072627
0.072074
0.071824
0.071322
0.230676
0.067170
0.084128
0.089508
0.073017
0.071858
0.106328
0.207667
0.083669
0.094932
0.084085
0.125260
0.070749
0.130073
0.314754
0.120434
0.104447
0.081231
0.134969
0.148948
0.135498
0.309615
0.066710
0.115875
0.073753
0.074951
0.073335
0.075416
0.317868
0.073920
0.117697
0.090336
0.073405
0.074011
0.073703
0.236204
0.074291
0.084819
0.101627
0.093281
0.108680
0.109273
0.201443
0.082212
0.105943
0.087348
0.111448
0.071707
0.070423
0.225042
0.076430
0.089034
0.075558
0.081821
0.082552
0.078103
0.226513

.0792091
.098323
.0886998
.0951409
.0920559
.0985188
.2476205
