0.000002
0.000003
0.000003
0.000003
0.000002
0.000005
0.000010
0.000003
0.000002
0.000005
0.000005
0.000003
0.000005
0.000006
0.000002
0.000005
0.000003
0.000005
0.000002
0.000003
0.000010
0.000002
0.000005
0.000005
0.000005
0.000005
0.000005
0.000009
0.000002
0.000005
0.000003
0.000005
0.000005
0.000005
0.000006
0.000002
0.000005
0.000005
0.000003
0.000002
0.000005
0.000010
0.000002
0.000002
0.000003
0.000005
0.000003
0.000005
0.000010
0.000003
0.000002
0.000003
0.000003
0.000005
0.000005
0.000010
0.000002
0.000002
0.000005
0.000005
0.000003
0.000003
0.000009
0.000002
0.000002
0.000002
0.000005
0.000003
0.000003
0.000006

.0000022
.0000033
.0000037
.0000044
.0000033
.0000044
.0000086
