7.054865
5.751846
4.650161
4.809460
4.871602
4.898871
12.824734
8.431450
5.756302
4.914144
4.953261
4.655173
4.972614
12.493599
6.683681
5.801055
4.562100
5.176787
5.297099
4.899694
12.548372
6.698061
6.098249
4.966506
4.890753
5.323282
4.856724
12.443142
6.841883
5.379881
4.908768
4.468143
4.888027
4.893980
12.459703
6.847455
5.397968
4.934302
4.982211
5.032540
4.783453
12.467218
6.809670
5.891476
4.905674
5.097402
4.958926
4.939014
12.186845
6.764558
5.956320
5.173247
4.957139
5.084675
4.765893
12.419261
6.934948
6.101318
5.072687
5.014355
4.920241
4.972070
12.470470
6.967452
6.114482
4.900212
5.163041
5.088506
5.120387
12.715993

7.0034023
5.8248897
4.8987801
4.9512552
5.0120071
4.91027
12.5029337
